 9200190161980016483471
 9200190161983115611882
 9200190161985715209865
 9200190161985715212865
 9200190161985715213480
 9200190161985716919510
 9200190269809876804107
 9200190269809876849221
 9200190269809876851019
 9200190269809876852665
 9200190269809876887568
 9200190269809876902049
 9200190269809876902568
 9200190269809876910938
 9200190269809876916480
 9200190269809876921637
 9200190269809876921682
 9200190269809876939236
 9200190269809876942632
 9200190269809876943936
 9200190269809876953461
 9200190269809876953492
 9200190269809876953522
 9200190269809876960773
 9200190269809876965495
 9200190269809876984915
 9200190269809877004414
 9200190269809877004490
 9200190269809877004537
 9200190269809877006371
 9200190269809877018602
 9200190269809877035838
 9200190269809877036309
 9200190269809877041815
 9200190269809877062520
 9200190269809877066160
 9200190269809877068232
 9200190269809877068683
 9200190269809877097928
 9200190269809877112270
 9200190269809877114588
 9200190269809877114922
 9200190269809877123955
 9200190269809877127854
 9200190269809877134227
 9200190269809877135378
 9200190269809877150654
 9200190269809877157127
 9200190269809877157509
 9200190269809877176050
 9200190269809877176166
 9200190269809877176654
 9200190269809877177361
 9200190269809877199356
 9200190269809877200878
 9200190269809877201677
 9200190269809877213533
 9205590161977900003177
 9205590161983600001467
 9205590161985700062423
 9205590161987700003253
 9205590163289422245217
 9205590163289422251270
 9205590163289422281765
 9205590163289422298473
 9205590163289422381861
 9205590163289662770562
 9205590163289662770876
 9205590163289662771330
 9205590163289662771347
 9205590163289662771767
 9205590163289662771774
 9205590163289662771934
 9205590163289662772085
 9205590163289662772429
 9205590163289662772948
 9205590163289662773303
 9205590163289662773419
 9205590163289662773426
 9205590163289662773433
 9205590163289662773440
 9205590163289662773457
 9205590163289662773815
 9205590213671522122057
 9205590213671522122767
 9205590213671522122804
 9205590213671522124327
 9205590215749300006726
 9205590237964190039599
 9205590269809876899236
 9205590269809876919019
 9205590269809876929513
 9205590269809876936610
 9205590269809877021247
 9205590269809877070450
 9205590269809877187905
 9205590269809877198659
 9205590272127600216727
 9205590293077205737109
 9205590293077205872664
 9205590293077206009656
 9205590293077206048051
 9205590293077206082802
 9205590293077206120382
 9205590293077206298630
 9205590293077206364694
 9205590293077206411343
 9234690160085364680602
 9234690160814415402708
 9234690160815114487140
 9234690160815114495664
 9234690160815117286368
 9234690160815815934707
 9234690161978415987838
 9234690161979715468195
 9234690161981715357584
 9234690161981715360409
 9234690161982114787026
 9234690161982117215892
 9234690161983164265205
 9234690161984014712627
 9234690161985414585729
 9234690161985517382188
 9234690161987715360784
 9234690176307114735082
 9234690176307115274634
 9234690213671561547261
 9234690213671561568297
 9234690213671561898738
 9234690213671561922761
 9234690213671561938731
 9234690213671562008143
 9234690213671562073264
 9234690213671562256711
 9234690213671562352833
 9234690237964098326486
 9234690237964098332760
 9234690237964098352478
 9234690237964098373145
 9234690237964098374647
 9234690237964190026215
 9234690269809876826842
 9234690269809876847304
 9234690269809876847489
 9234690269809876847618
 9234690269809876854548
 9234690269809876855606
 9234690269809876879480
 9234690269809876887218
 9234690269809876907121
 9234690269809876914242
 9234690269809876918516
 9234690269809876920212
 9234690269809876927631
 9234690269809876933274
 9234690269809876936008
 9234690269809876987444
 9234690269809877018253
 9234690269809877043965
 9234690269809877060566
 9234690269809877071999
 9234690269809877086672
 9234690269809877092932
 9234690269809877100842
 9234690269809877115914
 9234690269809877123834
 9234690269809877134878
 9234690269809877143160
 9234690269809877186952
 9234690269809877187423
 9234690269809877200023
 9234690269809877212194
 9234690269809877214006
 9234690272127100398397
 9234690272127100398403
 9234690272148000399673
 9234690272151300000774
 9234690288003401912603
 9234690293077205567903
 9234690293077205669201
 9234690293077205682705
 9234690293077205787868
 9234690293077205829261
 9234690293077206211218
 9234690293077206393075
 9270190161978100002843
 9270190163289662770902
 9270190163289662774184
 9270190213671522121483
 9270190213671522121865
 9270190213671522122138
 9270190213671522123784
 9270190213671522123814
 9270190213671522123852
 9270190213671522124354
 9270190213671522124644
 9270190272127600216716
 9270190293077205532182
 9270190293077205952393
 9270190293077205956322

